0.000000000000000000e+00,3.095016119729386284e-01,3.013833027956041022e-01,3.278467365326352967e-01,3.324588123674424023e-01,2.866782006606021227e-01,2.949874300039060371e-01,3.237535596052945608e-01,2.887978640299695976e-01,2.931762542270389127e-01,3.033637978210711461e-01,2.891574930865529192e-01,2.802044905498351501e-01,2.834426334910177814e-01,3.320839413726749956e-01,2.924199105409832078e-01,2.683133449551202143e-01,3.166285122069498192e-01,2.991783695632370677e-01,2.918668839915000146e-01,3.183894736188010999e-01,2.659575386372183270e-01,3.257935284286443411e-01,2.974979780598636103e-01,2.984474848949565384e-01,2.832339753697633022e-01,2.573277797156782731e-01,2.937997589681053401e-01,3.063112750279160523e-01,2.530466278574441397e-01,2.573187956272159349e-01,2.732659785738221214e-01,3.070214750929145531e-01,3.191666933129513883e-01,3.594530037373075415e-01,2.920269949313988866e-01,2.805692544081409001e-01,2.992843017359890223e-01,2.991145715213719969e-01,2.992001731356566108e-01,2.879732677843505617e-01,2.685529600025977071e-01,2.921805867931526746e-01,3.445934092610242749e-01,2.831290397719701812e-01,3.050409238738843731e-01,2.705734464351925439e-01,2.964069154823688046e-01,2.956462912148786759e-01,2.837166238665032592e-01,2.532235366028202650e-01
3.095016119729386284e-01,0.000000000000000000e+00,2.876550505856170226e-01,3.103943155920458885e-01,2.147617185637669124e-01,2.235256209750847989e-01,2.927533716885306059e-01,2.222610754178554471e-01,3.183403541599854614e-01,1.982958945081411961e-01,2.960864185091429124e-01,2.803285706648753761e-01,3.130001394584539520e-01,2.903778216828727943e-01,2.860231677157531460e-01,3.275541957185750808e-01,2.559614482833474924e-01,1.434267484386185232e-01,2.856935046030699143e-01,2.991716911962759018e-01,3.081266869930244789e-01,2.774121251991660819e-01,2.632211394304582730e-01,3.074218650206812509e-01,2.954937609370003604e-01,3.073294064876177512e-01,2.540188465939783313e-01,3.035985904789899603e-01,2.773770211913844097e-01,1.967522636108499645e-01,2.418206187768096038e-01,2.988669098263312951e-01,3.211742741089371189e-01,3.219787289666934949e-01,2.652540704809569494e-01,2.523648509719393362e-01,1.735196499378755530e-01,2.844184719862013488e-01,2.987069145205536458e-01,2.679870636464998790e-01,3.135567029595258126e-01,2.417670375261593285e-01,2.508064267435791694e-01,2.419912099794871152e-01,3.238068828763944751e-01,2.795036610501243635e-01,1.796322874202208042e-01,3.033259434545219624e-01,2.959035505704111779e-01,2.872798514402914449e-01,2.676411957799514907e-01
3.013833027956041022e-01,2.876550505856170226e-01,0.000000000000000000e+00,3.128410463328917812e-01,2.559033274232188071e-01,2.750212479088068873e-01,2.575822876241881665e-01,2.587988079491126969e-01,3.166183823477565773e-01,2.814481318196191406e-01,2.758004819704427679e-01,2.836839635448807906e-01,3.035820836706139558e-01,2.922587066950090295e-01,2.932347404821124548e-01,2.929328244893404376e-01,2.746840148076023502e-01,3.143504549872652154e-01,2.601222206290713101e-01,2.855199147310894525e-01,2.756347817664319688e-01,2.798962179968691455e-01,2.400090373512582254e-01,2.986323246642184626e-01,2.693131109054647809e-01,2.849537583696732934e-01,2.893641340342474888e-01,3.060331941471025607e-01,2.487531674255303860e-01,2.899444994065133452e-01,2.846523679224828296e-01,2.745821261016050396e-01,3.157656616144614570e-01,3.076250948460870216e-01,2.852295161817377522e-01,2.583955396878840349e-01,2.736988495890941842e-01,2.593723351288766410e-01,2.934168308464145114e-01,2.944069318866434082e-01,2.920145789098937961e-01,2.932019263206528392e-01,2.902033772685425062e-01,2.700177792156439049e-01,2.992492767614943761e-01,2.418111698537208920e-01,2.812027834161046069e-01,2.628580282427553927e-01,2.705225333185730663e-01,2.659455391375544209e-01,2.969151649893289058e-01
3.278467365326352967e-01,3.103943155920458885e-01,3.128410463328917812e-01,0.000000000000000000e+00,2.742373766889861231e-01,3.058920406051924279e-01,3.239823919838675792e-01,2.445744681714893121e-01,3.059034943114981586e-01,3.193011160790379388e-01,2.978133726456455022e-01,3.091098203933170807e-01,3.261079566906864291e-01,3.132832542818241861e-01,3.188681185193605883e-01,2.955898772005461361e-01,2.957296155352839295e-01,3.347530024697720208e-01,2.985389967755820995e-01,3.252123452849652319e-01,2.584376368364394438e-01,3.119562751726878691e-01,3.218605978951266655e-01,2.778830903264630225e-01,3.219465265719257396e-01,3.220982701455645802e-01,2.884033029690470373e-01,3.328779767677673140e-01,2.853105430166175682e-01,2.910110867090676123e-01,2.978254716500177146e-01,3.310080468923345398e-01,2.917067590409726519e-01,2.394546804927051020e-01,2.985487783706561316e-01,3.362612359301602738e-01,3.073084555215656044e-01,3.225080233459198809e-01,2.799895289970132928e-01,2.962892461644480724e-01,3.382209677765889988e-01,2.895676406239736655e-01,2.637557972422828190e-01,3.145677234414585577e-01,3.091493173707138831e-01,3.016213965203362601e-01,2.835025960046194116e-01,3.065102019369159714e-01,2.663712569833473487e-01,3.303001397490455404e-01,3.158531323078697661e-01
3.324588123674424023e-01,2.147617185637669124e-01,2.559033274232188071e-01,2.742373766889861231e-01,0.000000000000000000e+00,2.627852999749494822e-01,2.588089025265844501e-01,1.667317675331445037e-01,3.533627077837829256e-01,2.200197895740245158e-01,2.984625835880765354e-01,2.944580488346991709e-01,3.430336606827315560e-01,3.152643650441219747e-01,1.912382437355203968e-01,3.403959597714305563e-01,2.684691105954501444e-01,2.544278750786649890e-01,2.470542456109136309e-01,2.968848812512972501e-01,2.749617395821827848e-01,3.091701970154653867e-01,2.015385088755386467e-01,3.372121846694075553e-01,2.798148883016409183e-01,3.115708158453194820e-01,2.922663191791150528e-01,3.297921391898804844e-01,2.383033894701066246e-01,2.697439154634624914e-01,2.720675111723652173e-01,2.943418052712807875e-01,3.470463524635714614e-01,3.153584080338376894e-01,1.680402942157487312e-01,2.169179714583147345e-01,2.459837446930987492e-01,2.648376804535790829e-01,3.014128208875608284e-01,3.010039659833376735e-01,3.329609557398049424e-01,3.110585722773538397e-01,2.853089911146267088e-01,1.480911774342355269e-01,3.474419284032810862e-01,2.227031436707117562e-01,2.767022936595803229e-01,2.763838043227787034e-01,2.989567504412546928e-01,2.729289651262544192e-01,3.043092872895748480e-01
2.866782006606021227e-01,2.235256209750847989e-01,2.750212479088068873e-01,3.058920406051924279e-01,2.627852999749494822e-01,0.000000000000000000e+00,2.720368953672379631e-01,2.753026391538921369e-01,2.936027997789562582e-01,2.149876585896125514e-01,2.871493810738104946e-01,2.676312325304094908e-01,2.884199666566375497e-01,2.702005502182150964e-01,2.883274865098213735e-01,2.965944272554399963e-01,2.576640467639758070e-01,2.283649228510991336e-01,2.660235990383945648e-01,2.851509954411639014e-01,2.878140553630023080e-01,2.605549916797365029e-01,2.685350928951870109e-01,2.800932174893746018e-01,2.789204807373273365e-01,2.814991246256732249e-01,2.518253483387908331e-01,2.780449155136146544e-01,2.759669072336508600e-01,2.269041087506676047e-01,2.422314456160843399e-01,2.722359806627125955e-01,3.023072101977427595e-01,3.033222603836905895e-01,3.109073067277727254e-01,2.574543253717315738e-01,2.127858000302177144e-01,2.748602655312490928e-01,2.816885037809562231e-01,2.631977622814085649e-01,2.901833050220758436e-01,2.571620702071515940e-01,2.556700527558930514e-01,2.691456782803944847e-01,2.767491654720401484e-01,2.738205689141462451e-01,2.279904537234400397e-01,2.721143926997423579e-01,2.774185513505755818e-01,2.757410911701881351e-01,2.580272993237913148e-01
2.949874300039060371e-01,2.927533716885306059e-01,2.575822876241881665e-01,3.239823919838675792e-01,2.588089025265844501e-01,2.720368953672379631e-01,0.000000000000000000e+00,2.572608004521141911e-01,3.139744436664878569e-01,2.686963348696863041e-01,2.751933092205723907e-01,2.708928567457484782e-01,3.043081397355438256e-01,2.834263476047139685e-01,2.949410155715588844e-01,3.075798237521275014e-01,2.866782373483134916e-01,3.078377847357913200e-01,2.739997969986034398e-01,2.842377542909825805e-01,2.814089257701128388e-01,2.794788662849264638e-01,2.488695730318101484e-01,3.041899096855298912e-01,2.715474755599705525e-01,2.746219349513731034e-01,2.846341018539742529e-01,2.954266580052961055e-01,2.582706320062156391e-01,2.631284317023014907e-01,2.580185945113100399e-01,2.904790005431877598e-01,3.188262122542993016e-01,3.341767971126580195e-01,2.997209135143799608e-01,2.504968036928649777e-01,2.610191151506021101e-01,2.495047313898202390e-01,2.837766523140772268e-01,2.861035973692587220e-01,2.923222020232817964e-01,2.866763531952328803e-01,2.881462171423277430e-01,2.570347596136570711e-01,2.931772425933040216e-01,2.513075206695356001e-01,2.724777627917128742e-01,2.596180434982230389e-01,2.849813122005019905e-01,2.552960711305214958e-01,2.754758940813054058e-01
3.237535596052945608e-01,2.222610754178554471e-01,2.587988079491126969e-01,2.445744681714893121e-01,1.667317675331445037e-01,2.753026391538921369e-01,2.572608004521141911e-01,0.000000000000000000e+00,3.439505115898177645e-01,2.525139339216179724e-01,2.661242039997317455e-01,3.079610181454511264e-01,3.253431673160544491e-01,2.960594766758670171e-01,2.478147556690188380e-01,3.222322143662757488e-01,2.845966924116907215e-01,2.495324466207508585e-01,2.290647348705044384e-01,3.339753388266339384e-01,2.217064497621915042e-01,2.968336637347824269e-01,2.014618077707733268e-01,2.935917028493046921e-01,2.938176043880182942e-01,3.069887421553588736e-01,2.761728365013170206e-01,3.328891964663595604e-01,2.142112601607187305e-01,2.487757661873106485e-01,2.673689715338011808e-01,3.324275688482885571e-01,3.345615554316599405e-01,2.956182543966569543e-01,2.220426468547031795e-01,2.832702354140421153e-01,2.561928254533540894e-01,2.645192789552706647e-01,3.089178066301381809e-01,2.871085095710367296e-01,3.272870756266999526e-01,2.750033405010140486e-01,2.770345652373844003e-01,1.946800153185114235e-01,3.219958262066616728e-01,2.258754219959343834e-01,2.381512251520815360e-01,2.908918336604994215e-01,2.478385101534384960e-01,2.949875329320825190e-01,2.973807158953090668e-01
2.887978640299695976e-01,3.183403541599854614e-01,3.166183823477565773e-01,3.059034943114981586e-01,3.533627077837829256e-01,2.936027997789562582e-01,3.139744436664878569e-01,3.439505115898177645e-01,0.000000000000000000e+00,2.893736061422998995e-01,3.139860150994592258e-01,3.047493278376506853e-01,2.797269390206368334e-01,2.887984332893898665e-01,3.650798083350501044e-01,3.067403800059617103e-01,2.590761750952373377e-01,3.167715546046777630e-01,3.180987341425283721e-01,2.917911632093300733e-01,3.266424319767305406e-01,2.556354006909724030e-01,3.509502182697075701e-01,3.051235283753927496e-01,2.968712587352505539e-01,3.011012365579452954e-01,2.398940883345503927e-01,2.464214503672646217e-01,3.251504245602718779e-01,2.308067408884484362e-01,2.690056986631989555e-01,2.855203892937885346e-01,2.772027887204848717e-01,3.031760965827515197e-01,3.845708094962996260e-01,3.124135430792788215e-01,2.903504761226419761e-01,3.268038560132430770e-01,2.897659493240060669e-01,2.846839685627579053e-01,2.986476194545618634e-01,2.339929885827986555e-01,2.877081522992966933e-01,3.736028002945768756e-01,2.968919410461824948e-01,3.275172016238933059e-01,2.613854772663685710e-01,3.136335549697961689e-01,3.018085092852931806e-01,3.160833115316854514e-01,2.568082580139149917e-01
2.931762542270389127e-01,1.982958945081411961e-01,2.814481318196191406e-01,3.193011160790379388e-01,2.200197895740245158e-01,2.149876585896125514e-01,2.686963348696863041e-01,2.525139339216179724e-01,2.893736061422998995e-01,0.000000000000000000e+00,2.862000219255871891e-01,2.767939566924998984e-01,2.926465667843770602e-01,3.020097464088375427e-01,2.367937733973405623e-01,3.164996104148201650e-01,2.363696107604963403e-01,1.809829451473685402e-01,2.760714860277672100e-01,2.735832733399881089e-01,3.119564982289854682e-01,2.634533909102058646e-01,2.299312944711110474e-01,3.260098043626737940e-01,2.646763158974701491e-01,2.932655779640135352e-01,2.466370435883059598e-01,2.701132887901416813e-01,2.824598487766115107e-01,2.183853471367611654e-01,2.586052424486876000e-01,2.526719901057112305e-01,3.208734740347539138e-01,3.015796625082607929e-01,2.408728202257849338e-01,2.119625293136746524e-01,1.837309920951513964e-01,2.681920185328204309e-01,2.751500753347115857e-01,2.707273139516905291e-01,2.889141211778809559e-01,2.581048642262761539e-01,2.623323245979207186e-01,2.072921307149063475e-01,3.193890487071194828e-01,2.704864593642172799e-01,2.302605600605118763e-01,2.998760573068557922e-01,3.097013279048415058e-01,2.570033545028823641e-01,2.628257995153380766e-01
3.033637978210711461e-01,2.960864185091429124e-01,2.758004819704427679e-01,2.978133726456455022e-01,2.984625835880765354e-01,2.871493810738104946e-01,2.751933092205723907e-01,2.661242039997317455e-01,3.139860150994592258e-01,2.862000219255871891e-01,0.000000000000000000e+00,3.028297732922818897e-01,3.178691462262829837e-01,2.922715640079127652e-01,3.192242918850027311e-01,3.028085875309087793e-01,3.047126009871328756e-01,3.280516172534784780e-01,2.752825246852165786e-01,3.070140532638124808e-01,2.598750389608676659e-01,2.856445927885715164e-01,2.702066503569591216e-01,2.884116458777166159e-01,2.852633175693201073e-01,3.005698304317355185e-01,2.818702870560764184e-01,2.906253783492850351e-01,2.614043508479259592e-01,2.831409801957839312e-01,2.770518575733910138e-01,3.066180751718343700e-01,3.009720310517881026e-01,3.040460693889937005e-01,3.345973746806729654e-01,2.962999939633791380e-01,2.933377935715084650e-01,2.723454719957328352e-01,2.845257506040629325e-01,2.995460836525398185e-01,2.922938004026727765e-01,2.836902032970521903e-01,2.889633664592429207e-01,3.021816512129811838e-01,3.095326555606462970e-01,2.710161391422285515e-01,2.814508128249125773e-01,2.747533873189319520e-01,2.696865859360048634e-01,2.863325750463311947e-01,2.880862071401135149e-01
2.891574930865529192e-01,2.803285706648753761e-01,2.836839635448807906e-01,3.091098203933170807e-01,2.944580488346991709e-01,2.676312325304094908e-01,2.708928567457484782e-01,3.079610181454511264e-01,3.047493278376506853e-01,2.767939566924998984e-01,3.028297732922818897e-01,0.000000000000000000e+00,2.767620020856760288e-01,2.760867201263428883e-01,2.916545885978316655e-01,2.919086616245395449e-01,2.793218619875214581e-01,2.926776402794620258e-01,2.910975985393010612e-01,2.826786833717914171e-01,3.210964105014134096e-01,2.579674311640675621e-01,2.827755894127622627e-01,2.967005079388690403e-01,2.839468890936721057e-01,2.912400853355242014e-01,2.725970396261637174e-01,2.775189021784360555e-01,2.795349662262225920e-01,2.503419356942216956e-01,2.417205427081024760e-01,2.795570592166116697e-01,3.008709785747644139e-01,3.236125723474263527e-01,3.162539418211767206e-01,2.591009037719720909e-01,2.589289383405986023e-01,2.625222144532717294e-01,3.057167131990446984e-01,2.691394438880111428e-01,2.892937649176714476e-01,2.807561331084146850e-01,2.828832667853011795e-01,2.823610689086892278e-01,3.019877327859924465e-01,2.771780740964184253e-01,2.689966449947122640e-01,2.766322862458737708e-01,2.911318618049719698e-01,2.649806577565847476e-01,2.584783762954628306e-01
2.802044905498351501e-01,3.130001394584539520e-01,3.035820836706139558e-01,3.261079566906864291e-01,3.430336606827315560e-01,2.884199666566375497e-01,3.043081397355438256e-01,3.253431673160544491e-01,2.797269390206368334e-01,2.926465667843770602e-01,3.178691462262829837e-01,2.767620020856760288e-01,0.000000000000000000e+00,2.791718880997309804e-01,3.409629479342060066e-01,2.965363540203637127e-01,2.539415246211171318e-01,3.196822728489648879e-01,3.019040171548444951e-01,2.953438754144109279e-01,3.217822611926460796e-01,2.600433349015305873e-01,3.302498876579212372e-01,3.022445341006231856e-01,3.013278628471627862e-01,2.880146215267076482e-01,2.540030186764508646e-01,2.812241072324757618e-01,3.053190255538413278e-01,2.605413960229869819e-01,2.671353663235067621e-01,2.804671818111567072e-01,2.892329946829504950e-01,3.058202856159797922e-01,3.675449080916808331e-01,2.927386469086121212e-01,2.817994292058459971e-01,3.101714031246506909e-01,3.054969481436668466e-01,2.783070831147652080e-01,3.006182497725718994e-01,2.552856758098749901e-01,2.870375121500584048e-01,3.432957648238989523e-01,2.972577895285422600e-01,3.131610490772909761e-01,2.795182314932886936e-01,2.947097133034710104e-01,3.085546495709317605e-01,2.921207034316948281e-01,2.614139906824758386e-01
2.834426334910177814e-01,2.903778216828727943e-01,2.922587066950090295e-01,3.132832542818241861e-01,3.152643650441219747e-01,2.702005502182150964e-01,2.834263476047139685e-01,2.960594766758670171e-01,2.887984332893898665e-01,3.020097464088375427e-01,2.922715640079127652e-01,2.760867201263428883e-01,2.791718880997309804e-01,0.000000000000000000e+00,3.545622867024886271e-01,3.014328399445879714e-01,2.706502768275929061e-01,3.098472976406324020e-01,2.869533059822760301e-01,2.891714469170673096e-01,2.961695831568040838e-01,2.696310152625457368e-01,3.028249960513126338e-01,2.756425778847734764e-01,2.867728973700544026e-01,2.842645586146761993e-01,2.515004747659477236e-01,2.904954368099940676e-01,2.817215575908209590e-01,2.416956086526674818e-01,2.534450462016706873e-01,2.838367039616371823e-01,2.936317807319682172e-01,3.002192443606092609e-01,3.651644954202344362e-01,2.897505326972031892e-01,2.646156953301508352e-01,2.794625421989054281e-01,2.982275335622200374e-01,2.651337485562222929e-01,2.891667788936452821e-01,2.523658796114912062e-01,2.828960374666664168e-01,3.305303809437275531e-01,2.751585692870152089e-01,2.815625340807606514e-01,2.452760937139943365e-01,2.759779542621304538e-01,2.892554113921154690e-01,2.849907849041252716e-01,2.550593932410124554e-01
3.320839413726749956e-01,2.860231677157531460e-01,2.932347404821124548e-01,3.188681185193605883e-01,1.912382437355203968e-01,2.883274865098213735e-01,2.949410155715588844e-01,2.478147556690188380e-01,3.650798083350501044e-01,2.367937733973405623e-01,3.192242918850027311e-01,2.916545885978316655e-01,3.409629479342060066e-01,3.545622867024886271e-01,0.000000000000000000e+00,3.349726908244892165e-01,2.768522897075054723e-01,2.632954829608199487e-01,2.652710547526463403e-01,3.132279168448932616e-01,3.088165979510080761e-01,3.110109494190644308e-01,2.298863119499059693e-01,3.353645462638668584e-01,3.015888452113332785e-01,3.249154042653136787e-01,2.936063159616185136e-01,3.186988561389410557e-01,2.762646973059582067e-01,2.779578779226985485e-01,2.916308969390675188e-01,2.944426140341834253e-01,3.502406390515372392e-01,3.376846462920848335e-01,1.587800649159032129e-01,2.382569599404705807e-01,2.466660065257296197e-01,2.887835096983601413e-01,3.302842533479112830e-01,3.254659372146118668e-01,3.359804883121312868e-01,3.447154360185741839e-01,2.906143704474856149e-01,1.955743081516720938e-01,3.630777899193895486e-01,2.687759712140340707e-01,3.137221046956115700e-01,3.084450493144149097e-01,3.205332450377879061e-01,2.752849348576840161e-01,3.023318733326253449e-01
2.924199105409832078e-01,3.275541957185750808e-01,2.929328244893404376e-01,2.955898772005461361e-01,3.403959597714305563e-01,2.965944272554399963e-01,3.075798237521275014e-01,3.222322143662757488e-01,3.067403800059617103e-01,3.164996104148201650e-01,3.028085875309087793e-01,2.919086616245395449e-01,2.965363540203637127e-01,3.014328399445879714e-01,3.349726908244892165e-01,0.000000000000000000e+00,2.814842440644204635e-01,3.399206325514463889e-01,2.878822588370048008e-01,2.973817003230929679e-01,2.962433080814271813e-01,2.931704319833435268e-01,3.348724733904031026e-01,2.859644564014792167e-01,2.896289086516117273e-01,2.893249527320487235e-01,2.954594911481736585e-01,3.160008439340168951e-01,2.825761256908935759e-01,3.009736098088202083e-01,2.860088951189199702e-01,2.982924154866504196e-01,2.923484940851304170e-01,2.798325575872333548e-01,3.861733319828239974e-01,2.994977764985441437e-01,2.970238391262126076e-01,3.154261937046744513e-01,2.823361956568762876e-01,3.016680515381491290e-01,2.875525483451147335e-01,2.958264624183916669e-01,2.928288930862796846e-01,3.472823475755132949e-01,2.930271421068822435e-01,2.955542968734671816e-01,2.995327533899413974e-01,3.015603973139472371e-01,2.814660978240420275e-01,3.013658783713463185e-01,2.981972042417532776e-01
2.683133449551202143e-01,2.559614482833474924e-01,2.746840148076023502e-01,2.957296155352839295e-01,2.684691105954501444e-01,2.576640467639758070e-01,2.866782373483134916e-01,2.845966924116907215e-01,2.590761750952373377e-01,2.363696107604963403e-01,3.047126009871328756e-01,2.793218619875214581e-01,2.539415246211171318e-01,2.706502768275929061e-01,2.768522897075054723e-01,2.814842440644204635e-01,0.000000000000000000e+00,2.585486228333168657e-01,2.646925274932035999e-01,2.493021847326319373e-01,2.952553488464225717e-01,2.539913197646701537e-01,2.798544466510403672e-01,2.960892919058045747e-01,2.561978772859979658e-01,2.683372365499999690e-01,2.319000375634934774e-01,2.563875138855725710e-01,2.784502947558774033e-01,2.294487323430692560e-01,2.561472801514882436e-01,2.532858268202963226e-01,2.929429942199751058e-01,2.955731214387246064e-01,2.945861325121089114e-01,2.562098505450323138e-01,2.346918327527905968e-01,2.836837033210078407e-01,2.704034488534011182e-01,2.603632413754367603e-01,2.854524578719492278e-01,2.554231897828008191e-01,2.735987326851637147e-01,2.729633139117954577e-01,2.857045781489868097e-01,2.829028929335820064e-01,2.482098631370947550e-01,2.773044676822850052e-01,3.042998574903683640e-01,2.769458134335871513e-01,2.516406094076531486e-01
3.166285122069498192e-01,1.434267484386185232e-01,3.143504549872652154e-01,3.347530024697720208e-01,2.544278750786649890e-01,2.283649228510991336e-01,3.078377847357913200e-01,2.495324466207508585e-01,3.167715546046777630e-01,1.809829451473685402e-01,3.280516172534784780e-01,2.926776402794620258e-01,3.196822728489648879e-01,3.098472976406324020e-01,2.632954829608199487e-01,3.399206325514463889e-01,2.585486228333168657e-01,0.000000000000000000e+00,3.053423871421829805e-01,3.071059669870855879e-01,3.400835460054393300e-01,2.843839682539182068e-01,2.777159854997589550e-01,3.208569328301201229e-01,3.180709092619330991e-01,3.249553718036009009e-01,2.609075772382898339e-01,3.009019428439140831e-01,3.059498359619858276e-01,1.902960129254157029e-01,2.457931033515345642e-01,2.937661869763165123e-01,3.306691761522442263e-01,3.403654339341546375e-01,2.608616448549425093e-01,2.611205285597744119e-01,1.761794814030555600e-01,3.012548142810551055e-01,3.148482389695135830e-01,2.717742159654614187e-01,3.293543902684238911e-01,2.394810979024241948e-01,2.424400009223518226e-01,2.424594584401378594e-01,3.481690082057161129e-01,3.017882829364992303e-01,1.859991182023571776e-01,3.287895394989570619e-01,3.187778590655848676e-01,2.977651134271803168e-01,2.682579800542833626e-01
2.991783695632370677e-01,2.856935046030699143e-01,2.601222206290713101e-01,2.985389967755820995e-01,2.470542456109136309e-01,2.660235990383945648e-01,2.739997969986034398e-01,2.290647348705044384e-01,3.180987341425283721e-01,2.760714860277672100e-01,2.752825246852165786e-01,2.910975985393010612e-01,3.019040171548444951e-01,2.869533059822760301e-01,2.652710547526463403e-01,2.878822588370048008e-01,2.646925274932035999e-01,3.053423871421829805e-01,0.000000000000000000e+00,2.827206347035986500e-01,2.498172128743331166e-01,2.920897069772473986e-01,2.595740295104643214e-01,2.878722057466018280e-01,2.670398380862594734e-01,2.685710223858713275e-01,2.830891425888718560e-01,3.120906775678567446e-01,2.485996720365350743e-01,2.846102276676836240e-01,2.749926460990625987e-01,2.935526372680282714e-01,2.913332163370375705e-01,2.805143416113771160e-01,2.816127081194338966e-01,2.661737172287071407e-01,2.691839214296453120e-01,2.882539797595313202e-01,2.752350910744464918e-01,2.979832540183102729e-01,2.893160697459908892e-01,2.887984253430492254e-01,2.656341960947722902e-01,2.667422035450249251e-01,3.059481224684666989e-01,2.459978607066904965e-01,2.731615943076194375e-01,2.806702192771587945e-01,2.644020934258750066e-01,2.750175879124224232e-01,2.936052740887615253e-01
2.918668839915000146e-01,2.991716911962759018e-01,2.855199147310894525e-01,3.252123452849652319e-01,2.968848812512972501e-01,2.851509954411639014e-01,2.842377542909825805e-01,3.339753388266339384e-01,2.917911632093300733e-01,2.735832733399881089e-01,3.070140532638124808e-01,2.826786833717914171e-01,2.953438754144109279e-01,2.891714469170673096e-01,3.132279168448932616e-01,2.973817003230929679e-01,2.493021847326319373e-01,3.071059669870855879e-01,2.827206347035986500e-01,0.000000000000000000e+00,3.035918870778046563e-01,2.924598194776607540e-01,2.994375457589160683e-01,3.031138846251700825e-01,2.860156313373637960e-01,2.766758667583067988e-01,2.824005472530047300e-01,2.806663993289706394e-01,2.972345306623216388e-01,2.814252398173994196e-01,2.864826956628726551e-01,2.773616969543447053e-01,2.969711617674476445e-01,3.186683238194438217e-01,3.280576457521935940e-01,2.667370538223770571e-01,2.684885095695369595e-01,2.872744154018758156e-01,2.900391205517909299e-01,3.079813164601101771e-01,2.928564663145922786e-01,2.925348836307475886e-01,2.953780699998270753e-01,3.032704253402892514e-01,2.988994303071536018e-01,2.816436921825706818e-01,2.864171449575893535e-01,2.880286014860620747e-01,3.060221551758262049e-01,2.852219297725925307e-01,2.869063518278842650e-01
3.183894736188010999e-01,3.081266869930244789e-01,2.756347817664319688e-01,2.584376368364394438e-01,2.749617395821827848e-01,2.878140553630023080e-01,2.814089257701128388e-01,2.217064497621915042e-01,3.266424319767305406e-01,3.119564982289854682e-01,2.598750389608676659e-01,3.210964105014134096e-01,3.217822611926460796e-01,2.961695831568040838e-01,3.088165979510080761e-01,2.962433080814271813e-01,2.952553488464225717e-01,3.400835460054393300e-01,2.498172128743331166e-01,3.035918870778046563e-01,0.000000000000000000e+00,3.094410795511171597e-01,2.915310037203726612e-01,2.815592594449411457e-01,2.916224693712595739e-01,3.004602515122302142e-01,2.965670394785648867e-01,3.369404805396444269e-01,2.312767859662502035e-01,3.006130360111679001e-01,2.855663837478537026e-01,3.161307375019410393e-01,2.948207849047833062e-01,2.556804099884248394e-01,3.124159079111843984e-01,3.132060273209716361e-01,2.984004528763953834e-01,3.057152428167965175e-01,2.772783206741842310e-01,2.890908536425882969e-01,3.074866344815042618e-01,2.882097694736998617e-01,2.758130959487815614e-01,2.985937565563164253e-01,3.095500419114959878e-01,2.520099731275098343e-01,2.922497141020193867e-01,2.838599487055993298e-01,2.516943702349457856e-01,3.205142663854628204e-01,3.152998123000577135e-01
2.659575386372183270e-01,2.774121251991660819e-01,2.798962179968691455e-01,3.119562751726878691e-01,3.091701970154653867e-01,2.605549916797365029e-01,2.794788662849264638e-01,2.968336637347824269e-01,2.556354006909724030e-01,2.634533909102058646e-01,2.856445927885715164e-01,2.579674311640675621e-01,2.600433349015305873e-01,2.696310152625457368e-01,3.110109494190644308e-01,2.931704319833435268e-01,2.539913197646701537e-01,2.843839682539182068e-01,2.920897069772473986e-01,2.924598194776607540e-01,3.094410795511171597e-01,0.000000000000000000e+00,2.972221266744672907e-01,2.834572847326977674e-01,2.852722281987665198e-01,2.868694323721620032e-01,2.198073949863823817e-01,2.601135401081098864e-01,2.845389168058981566e-01,2.254452742309445423e-01,2.312444055975523549e-01,2.805213143725875380e-01,2.874049306312572161e-01,3.151105856369600389e-01,3.343910422951097972e-01,2.825245777192847974e-01,2.549079000137798312e-01,2.836054349041872702e-01,2.848942008260966219e-01,2.681420144826379137e-01,2.797040124819203943e-01,2.270726645609912886e-01,2.709297964166645367e-01,3.115696862107114606e-01,2.763628722622140099e-01,2.783891180748356287e-01,2.417239212029461126e-01,2.796554136482476971e-01,2.817156936607484452e-01,2.712139553963708316e-01,2.276018938956327620e-01
3.257935284286443411e-01,2.632211394304582730e-01,2.400090373512582254e-01,3.218605978951266655e-01,2.015385088755386467e-01,2.685350928951870109e-01,2.488695730318101484e-01,2.014618077707733268e-01,3.509502182697075701e-01,2.299312944711110474e-01,2.702066503569591216e-01,2.827755894127622627e-01,3.302498876579212372e-01,3.028249960513126338e-01,2.298863119499059693e-01,3.348724733904031026e-01,2.798544466510403672e-01,2.777159854997589550e-01,2.595740295104643214e-01,2.994375457589160683e-01,2.915310037203726612e-01,2.972221266744672907e-01,0.000000000000000000e+00,3.187643481814219637e-01,2.821044232142143060e-01,2.991012253006538057e-01,2.921664589770684994e-01,3.049500875138768108e-01,2.522802710823084937e-01,2.766975879451714082e-01,2.725576735210756274e-01,2.866354767313587515e-01,3.617717795363494249e-01,3.400956892920438679e-01,2.164632646676277195e-01,2.373448448110966058e-01,2.431095224481471251e-01,2.473652626556562262e-01,3.173577096934313557e-01,3.005271953835184640e-01,3.098040414889228211e-01,3.143550599881556606e-01,3.014540672682832212e-01,1.921355413941230050e-01,3.361258830832772881e-01,2.383908651295217618e-01,2.836585579882187624e-01,2.723566450958498919e-01,2.906175612154154875e-01,2.537638259220231229e-01,2.886484721073553361e-01
2.974979780598636103e-01,3.074218650206812509e-01,2.986323246642184626e-01,2.778830903264630225e-01,3.372121846694075553e-01,2.800932174893746018e-01,3.041899096855298912e-01,2.935917028493046921e-01,3.051235283753927496e-01,3.260098043626737940e-01,2.884116458777166159e-01,2.967005079388690403e-01,3.022445341006231856e-01,2.756425778847734764e-01,3.353645462638668584e-01,2.859644564014792167e-01,2.960892919058045747e-01,3.208569328301201229e-01,2.878722057466018280e-01,3.031138846251700825e-01,2.815592594449411457e-01,2.834572847326977674e-01,3.187643481814219637e-01,0.000000000000000000e+00,3.001587953029884459e-01,2.857522469583576585e-01,2.780134665032186203e-01,3.046655927064568781e-01,2.694507722600626431e-01,2.718578996882988763e-01,2.692531662591861608e-01,3.115007415774277422e-01,2.935501764589910079e-01,2.717499373643401106e-01,3.587843189453928106e-01,3.108212158167747985e-01,2.914560257084629069e-01,3.046328222298493316e-01,2.903546293889529006e-01,2.834654117195213874e-01,3.037012956348156267e-01,2.844995028187480846e-01,2.606408784205230256e-01,3.502424364615532304e-01,2.832345715345701564e-01,2.831103020874657372e-01,2.656010024653104873e-01,2.863517221087277242e-01,2.606914293904863400e-01,2.944738710780580582e-01,2.838437386064369128e-01
2.984474848949565384e-01,2.954937609370003604e-01,2.693131109054647809e-01,3.219465265719257396e-01,2.798148883016409183e-01,2.789204807373273365e-01,2.715474755599705525e-01,2.938176043880182942e-01,2.968712587352505539e-01,2.646763158974701491e-01,2.852633175693201073e-01,2.839468890936721057e-01,3.013278628471627862e-01,2.867728973700544026e-01,3.015888452113332785e-01,2.896289086516117273e-01,2.561978772859979658e-01,3.180709092619330991e-01,2.670398380862594734e-01,2.860156313373637960e-01,2.916224693712595739e-01,2.852722281987665198e-01,2.821044232142143060e-01,3.001587953029884459e-01,0.000000000000000000e+00,2.692714384443223308e-01,2.750445086899770963e-01,2.759497581073782069e-01,2.611724126160818171e-01,2.859299870042898983e-01,2.709888327068818992e-01,2.713655302862096330e-01,3.095056666969489556e-01,3.020193222917866294e-01,3.325691317700376626e-01,2.573868449319237639e-01,2.773064246977675618e-01,2.845918495575887608e-01,2.713455422262697203e-01,3.054150356308526493e-01,2.776863672510027636e-01,2.924474452945437508e-01,2.806252536786281726e-01,2.928739231801857912e-01,3.091720951433082898e-01,2.715748909446711878e-01,2.917805514880920104e-01,2.823522731861948243e-01,2.905854849043916222e-01,2.706407008961351779e-01,2.848633134982043180e-01
2.832339753697633022e-01,3.073294064876177512e-01,2.849537583696732934e-01,3.220982701455645802e-01,3.115708158453194820e-01,2.814991246256732249e-01,2.746219349513731034e-01,3.069887421553588736e-01,3.011012365579452954e-01,2.932655779640135352e-01,3.005698304317355185e-01,2.912400853355242014e-01,2.880146215267076482e-01,2.842645586146761993e-01,3.249154042653136787e-01,2.893249527320487235e-01,2.683372365499999690e-01,3.249553718036009009e-01,2.685710223858713275e-01,2.766758667583067988e-01,3.004602515122302142e-01,2.868694323721620032e-01,2.991012253006538057e-01,2.857522469583576585e-01,2.692714384443223308e-01,0.000000000000000000e+00,2.813815679568149597e-01,2.845242551992667179e-01,2.856951838957789702e-01,2.820352410394342813e-01,2.752192700422490534e-01,2.798130466511675185e-01,3.047593813764443715e-01,3.013215970278750877e-01,3.460033187175334812e-01,2.817379082363017928e-01,2.840342557987341476e-01,3.047924460108021871e-01,2.879205030863004611e-01,2.947791175087413063e-01,2.858843768845800715e-01,2.921299106662836320e-01,2.921737371215977208e-01,3.258263751901209204e-01,2.864848025266148457e-01,2.846605465906485999e-01,2.861170066431802939e-01,2.853545129979922490e-01,2.925299374169545441e-01,2.820537583283747596e-01,2.777628969813458193e-01
2.573277797156782731e-01,2.540188465939783313e-01,2.893641340342474888e-01,2.884033029690470373e-01,2.922663191791150528e-01,2.518253483387908331e-01,2.846341018539742529e-01,2.761728365013170206e-01,2.398940883345503927e-01,2.466370435883059598e-01,2.818702870560764184e-01,2.725970396261637174e-01,2.540030186764508646e-01,2.515004747659477236e-01,2.936063159616185136e-01,2.954594911481736585e-01,2.319000375634934774e-01,2.609075772382898339e-01,2.830891425888718560e-01,2.824005472530047300e-01,2.965670394785648867e-01,2.198073949863823817e-01,2.921664589770684994e-01,2.780134665032186203e-01,2.750445086899770963e-01,2.813815679568149597e-01,0.000000000000000000e+00,2.386908967130773052e-01,2.893328273833309927e-01,1.901003198927405102e-01,1.953391794885274702e-01,2.656489274038331683e-01,2.761266968807998268e-01,2.879700262607142180e-01,3.164841664339531624e-01,2.729976800535932058e-01,2.424529632670672508e-01,2.859933662170072166e-01,2.850734475677583202e-01,2.209857297746243565e-01,2.890357570548017785e-01,1.936886854377531941e-01,2.501630544158650604e-01,2.925052843318264317e-01,2.476302575130938100e-01,2.888685507941341490e-01,1.994389661177156103e-01,2.850363444843043714e-01,2.777612440403506855e-01,2.868248163593684619e-01,1.870514947472620149e-01
2.937997589681053401e-01,3.035985904789899603e-01,3.060331941471025607e-01,3.328779767677673140e-01,3.297921391898804844e-01,2.780449155136146544e-01,2.954266580052961055e-01,3.328891964663595604e-01,2.464214503672646217e-01,2.701132887901416813e-01,2.906253783492850351e-01,2.775189021784360555e-01,2.812241072324757618e-01,2.904954368099940676e-01,3.186988561389410557e-01,3.160008439340168951e-01,2.563875138855725710e-01,3.009019428439140831e-01,3.120906775678567446e-01,2.806663993289706394e-01,3.369404805396444269e-01,2.601135401081098864e-01,3.049500875138768108e-01,3.046655927064568781e-01,2.759497581073782069e-01,2.845242551992667179e-01,2.386908967130773052e-01,0.000000000000000000e+00,3.062073070873976288e-01,2.338161290792582780e-01,2.519731328882883203e-01,2.776608363708936711e-01,2.861867089726145008e-01,3.215076634564241198e-01,3.552909785443655877e-01,2.812280127927869744e-01,2.638478422586425509e-01,2.862339359055867116e-01,3.116489241822382183e-01,2.883754765790862984e-01,2.912744564474006315e-01,2.392284171114572588e-01,2.867466663912586200e-01,3.138459098694806326e-01,3.004062597938209067e-01,3.154924376401724850e-01,2.751827490266766651e-01,2.924765109856429235e-01,3.045626035745850335e-01,2.930604547111911318e-01,2.460071814224522035e-01
3.063112750279160523e-01,2.773770211913844097e-01,2.487531674255303860e-01,2.853105430166175682e-01,2.383033894701066246e-01,2.759669072336508600e-01,2.582706320062156391e-01,2.142112601607187305e-01,3.251504245602718779e-01,2.824598487766115107e-01,2.614043508479259592e-01,2.795349662262225920e-01,3.053190255538413278e-01,2.817215575908209590e-01,2.762646973059582067e-01,2.825761256908935759e-01,2.784502947558774033e-01,3.059498359619858276e-01,2.485996720365350743e-01,2.972345306623216388e-01,2.312767859662502035e-01,2.845389168058981566e-01,2.522802710823084937e-01,2.694507722600626431e-01,2.611724126160818171e-01,2.856951838957789702e-01,2.893328273833309927e-01,3.062073070873976288e-01,0.000000000000000000e+00,2.775344162136966775e-01,2.679080357738359841e-01,2.889988586276811544e-01,3.081823791388188516e-01,2.892340414415370820e-01,2.998854073356218564e-01,2.509706784338544550e-01,2.675620760200281834e-01,2.688308598957935280e-01,2.779764661172320905e-01,2.843416427597920682e-01,2.868614558291073258e-01,2.867913504108239864e-01,2.712448392954245335e-01,2.478658352442702217e-01,3.013527852333887647e-01,2.201584843579141304e-01,2.659361329773219373e-01,2.677595757864189574e-01,2.497224524530362866e-01,2.714764288538838444e-01,2.829747449413544946e-01
2.530466278574441397e-01,1.967522636108499645e-01,2.899444994065133452e-01,2.910110867090676123e-01,2.697439154634624914e-01,2.269041087506676047e-01,2.631284317023014907e-01,2.487757661873106485e-01,2.308067408884484362e-01,2.183853471367611654e-01,2.831409801957839312e-01,2.503419356942216956e-01,2.605413960229869819e-01,2.416956086526674818e-01,2.779578779226985485e-01,3.009736098088202083e-01,2.294487323430692560e-01,1.902960129254157029e-01,2.846102276676836240e-01,2.814252398173994196e-01,3.006130360111679001e-01,2.254452742309445423e-01,2.766975879451714082e-01,2.718578996882988763e-01,2.859299870042898983e-01,2.820352410394342813e-01,1.901003198927405102e-01,2.338161290792582780e-01,2.775344162136966775e-01,0.000000000000000000e+00,1.782800656635790404e-01,2.754832582665646679e-01,2.828585941742746690e-01,3.011628981927663706e-01,3.066326994933559202e-01,2.614082781188151738e-01,2.028014682802702640e-01,2.650214263093283451e-01,2.855460914690911567e-01,2.347816894829582446e-01,2.957689772577269394e-01,1.434195730358243659e-01,2.416180414061254722e-01,2.791928818069953078e-01,2.719376178627752605e-01,2.791932528839186078e-01,1.368584834555691132e-01,2.884974547173927428e-01,2.650776061914779103e-01,2.628362896295745599e-01,1.702784002492578053e-01
2.573187956272159349e-01,2.418206187768096038e-01,2.846523679224828296e-01,2.978254716500177146e-01,2.720675111723652173e-01,2.422314456160843399e-01,2.580185945113100399e-01,2.673689715338011808e-01,2.690056986631989555e-01,2.586052424486876000e-01,2.770518575733910138e-01,2.417205427081024760e-01,2.671353663235067621e-01,2.534450462016706873e-01,2.916308969390675188e-01,2.860088951189199702e-01,2.561472801514882436e-01,2.457931033515345642e-01,2.749926460990625987e-01,2.864826956628726551e-01,2.855663837478537026e-01,2.312444055975523549e-01,2.725576735210756274e-01,2.692531662591861608e-01,2.709888327068818992e-01,2.752192700422490534e-01,1.953391794885274702e-01,2.519731328882883203e-01,2.679080357738359841e-01,1.782800656635790404e-01,0.000000000000000000e+00,2.741979128655475106e-01,2.968675113799117971e-01,3.015847405390730263e-01,3.133803565264752233e-01,2.574087647177633054e-01,2.304252139708037606e-01,2.698061516674277738e-01,2.834534545559216356e-01,2.454754314075138777e-01,2.835139314676194400e-01,2.058183490021493200e-01,2.650714224991136403e-01,2.851630841243703585e-01,2.685016083528583009e-01,2.790013278852790379e-01,2.001488295011332186e-01,2.722603084830114706e-01,2.625602266827920528e-01,2.673674375317954266e-01,1.777099892321340746e-01
