0.000000000000000000e+00,6.923559909453919303e+00,6.884862822231625046e+00,7.306011018025913906e+00,7.828874200727646837e+00,5.916148690465012017e+00,6.683639702739697874e+00,8.025078911913697155e+00,6.705554823288298216e+00,6.796057359133781617e+00,8.242783884105346459e+00,7.140846389837716579e+00,6.609580598825553821e+00,6.405717825733359128e+00,9.179536516905917765e+00,6.970982003124971627e+00,6.095542308577723389e+00,6.441461377746978023e+00,8.513412039260613184e+00,6.889508365580672589e+00,7.330061400382245296e+00,6.504910231850660196e+00,6.899262177105532245e+00,7.162919167940468235e+00,8.023803691208053479e+00,6.258857400525022818e+00,6.155282495779341723e+00,7.450974327904201111e+00,6.802925796729820895e+00,5.600124678714434978e+00,6.963241716092296585e+00,7.134714695647224936e+00,7.764332998024907617e+00,6.782756541317700005e+00,6.340468289858066875e+00,7.827595448072464990e+00,6.040235734452100935e+00,6.958361393224407720e+00,7.484843454958904019e+00,7.615122460069828847e+00,6.615419290490021531e+00,5.668598575129165873e+00,7.158303325037453924e+00,7.460882057012615753e+00,6.222878891057922246e+00,7.169471968909891579e+00,5.051925352350051135e+00,7.606852928751302478e+00,6.404297292375825457e+00,6.352431834378769793e+00,5.654018277964125261e+00
6.923559909453919303e+00,0.000000000000000000e+00,5.669573430717282925e+00,7.263470171878247506e+00,6.238052204878228757e+00,7.307450539480582208e+00,6.383257512192995087e+00,7.427647940768560275e+00,6.818890348821520675e+00,6.301072445911860775e+00,7.378322307974309879e+00,6.954643584061609651e+00,7.186523083527108113e+00,6.565293423154420438e+00,9.154798138802288321e+00,6.210257069135224128e+00,7.770439688269491718e+00,5.412399045460317026e+00,8.714269763193655649e+00,6.619918809357129952e+00,6.922242977089845262e+00,6.004705128733903940e+00,6.804727293514355679e+00,6.697834113772316300e+00,6.871508069236509364e+00,6.447510866693503040e+00,5.930373721252712116e+00,7.837482769496851631e+00,6.788442794555199278e+00,6.360715217922341402e+00,7.478558439092021892e+00,6.824940163698322237e+00,8.649630153304171287e+00,7.347474391845446817e+00,5.542994131443945705e+00,7.415158421685089429e+00,6.732030830950299638e+00,6.737132206841008220e+00,6.805993228700557118e+00,6.586649100165987036e+00,5.163576717944997618e+00,6.075511500540572207e+00,5.265928992014621279e+00,6.848522653415248129e+00,7.048756505993218013e+00,6.573422649485158864e+00,6.204732873897832235e+00,5.881035863033837963e+00,6.595425586116138383e+00,5.937247196648705483e+00,5.772846128617867834e+00
6.884862822231625046e+00,5.669573430717282925e+00,0.000000000000000000e+00,6.665833976612254297e+00,5.225667588964280519e+00,7.531151731673974226e+00,5.660386395925414149e+00,6.340396727460004378e+00,7.144260999116394117e+00,6.801467214257250760e+00,7.449547710997282302e+00,6.460394898221041515e+00,7.703612917532872473e+00,6.574804261935055294e+00,8.548330953404272847e+00,5.913743502226878057e+00,7.313745159277218910e+00,6.299272897880063837e+00,8.528464994650102327e+00,6.837980032895867311e+00,6.041277536389836555e+00,6.126387509863789660e+00,6.313834506793581269e+00,6.907308353863251149e+00,6.506108484439791617e+00,6.375707068036598812e+00,6.673605374740500196e+00,7.580039769767315860e+00,5.143752897873113739e+00,6.571615362379838565e+00,7.325242601195748549e+00,6.193231406791541716e+00,8.677020584409758541e+00,6.707375206067702322e+00,5.264552155628532404e+00,7.053685006588045425e+00,6.387387050170460157e+00,6.581734106878837309e+00,5.858893789470827507e+00,8.040266795799334787e+00,5.716298334561697558e+00,6.562279513157843525e+00,5.974057803231580976e+00,6.181028364929452401e+00,6.597883465712924611e+00,4.527244163131387999e+00,6.346211398487728417e+00,5.453853545651959678e+00,5.283016064559177494e+00,5.773113623256501903e+00,6.484405752430524750e+00
7.306011018025913906e+00,7.263470171878247506e+00,6.665833976612254297e+00,0.000000000000000000e+00,7.457996073617682242e+00,7.108444223169263054e+00,7.799266569672103522e+00,8.605933528755111084e+00,7.942136745587556668e+00,7.915375643667784900e+00,7.958755618795822606e+00,7.146150015036899283e+00,7.676381131575293004e+00,6.284682856775335225e+00,1.044117688242906183e+01,6.642044680719939365e+00,8.559532723941602583e+00,7.972332187805169390e+00,9.151661428286448796e+00,7.136280856160974295e+00,6.626112873906587097e+00,6.863898131084651411e+00,7.283508154843230997e+00,6.325888719101814495e+00,9.026055764937142456e+00,7.599316937166337382e+00,6.990867848124005413e+00,8.230790202410275924e+00,8.085222325133706534e+00,6.915005317942183538e+00,8.170123965252972909e+00,6.918674848509665409e+00,8.453401411431979540e+00,6.360004941351014018e+00,7.809456853454330272e+00,8.513026045965471411e+00,6.159719499994634972e+00,7.434525998989792939e+00,8.012704942906816896e+00,8.033451015460128630e+00,7.918465507237762324e+00,7.045709662357336533e+00,6.569445490748098138e+00,8.518944151172854973e+00,6.071046470868209255e+00,7.550110163963604570e+00,6.733648144735062679e+00,7.141251016553165520e+00,6.867622211320205672e+00,7.473516235128016660e+00,7.165935059183071054e+00
7.828874200727646837e+00,6.238052204878228757e+00,5.225667588964280519e+00,7.457996073617682242e+00,0.000000000000000000e+00,7.460696948363833236e+00,6.406329720475357092e+00,6.555458516136654978e+00,7.986348998893197049e+00,7.713026504213217116e+00,7.055964408871373550e+00,7.154765471455848846e+00,8.902833912339870537e+00,7.824656422034397707e+00,8.887447463100370371e+00,7.679323101478227720e+00,7.878766211758107652e+00,6.176056533088578604e+00,9.262042434502683719e+00,6.552723455240782258e+00,5.349277311398198620e+00,7.910466357525324455e+00,6.153195790385235675e+00,7.067660952831421817e+00,6.225297493031434648e+00,6.788618007614139138e+00,7.191606853826343126e+00,8.697168708054485720e+00,5.082568582798449697e+00,7.162884793980282438e+00,8.437407141834732727e+00,6.479202816324706404e+00,9.577598526442837823e+00,7.887285095691500381e+00,4.491681557307188655e+00,5.210259743944692268e+00,7.455978685457868238e+00,6.825557233955152903e+00,6.226193022787698261e+00,8.043121830287129015e+00,6.394366505356227748e+00,7.389784207262306559e+00,6.624679753883487621e+00,4.981265286557309047e+00,7.403952126710264814e+00,4.730283424707262263e+00,7.200112750068599077e+00,6.411138666511456918e+00,5.685496214987248109e+00,6.325558825621383718e+00,7.813240826810977424e+00
5.916148690465012017e+00,7.307450539480582208e+00,7.531151731673974226e+00,7.108444223169263054e+00,7.460696948363833236e+00,0.000000000000000000e+00,7.132931588296779424e+00,8.425346067989668342e+00,7.315338940619672492e+00,7.071800253125569924e+00,8.180177172560524568e+00,6.894767926217195253e+00,7.525027873571648485e+00,7.596918197277119589e+00,9.667348966192555793e+00,7.454225025252640968e+00,6.906159913825271168e+00,5.927477815612713030e+00,1.050083721703671635e+01,8.626125454640201085e+00,8.125514862594133803e+00,6.326266726379565775e+00,5.629529744120533863e+00,6.613441968352366196e+00,8.012139112543549047e+00,7.435219226453807728e+00,5.807459539355756206e+00,7.184974117580803288e+00,8.244662415163645619e+00,6.056328008447367850e+00,6.665896019344594414e+00,7.733228598429850997e+00,7.964756620523546715e+00,7.759641041208747758e+00,6.652753160557772105e+00,7.902019208584637688e+00,6.413013856361460263e+00,6.668301831053512707e+00,8.726198501407210983e+00,7.902045078261234146e+00,7.848617489552112580e+00,6.225800267921739461e+00,6.811592896746434533e+00,7.056309451473829597e+00,6.211441391938428147e+00,7.533172754103403257e+00,6.286836957288888250e+00,7.414921903145605064e+00,7.251234856806319407e+00,6.183591202684420196e+00,6.590336980012565071e+00
6.683639702739697874e+00,6.383257512192995087e+00,5.660386395925414149e+00,7.799266569672103522e+00,6.406329720475357092e+00,7.132931588296779424e+00,0.000000000000000000e+00,5.892902862880333714e+00,6.609501077748537234e+00,6.517656552674348625e+00,6.691970823464672868e+00,6.799744397702411902e+00,7.778917775894591990e+00,6.980655934269272223e+00,7.868978006969654437e+00,6.980657914802344877e+00,8.282971751830903173e+00,7.065345189608148502e+00,8.517304443279767767e+00,7.167810759853915137e+00,6.264087197666544427e+00,5.787161837048075519e+00,5.752241173311984035e+00,6.676778830957917243e+00,5.715515230585067386e+00,6.237999263228330094e+00,6.315704533376976570e+00,7.788594296516899718e+00,6.254597907409957358e+00,6.182917321124340226e+00,6.650352229914908264e+00,6.626332169832086727e+00,8.094503737910146768e+00,7.939547555818553093e+00,4.655804478359873322e+00,6.683338209956513509e+00,6.453675406535596792e+00,5.948451256136770837e+00,6.562068703498415090e+00,7.066052119420535682e+00,6.352759319062278642e+00,6.346330891819492059e+00,6.247119244330902710e+00,7.251320928486093997e+00,6.781389119164409784e+00,5.779494805736537621e+00,5.534684314011347084e+00,6.231535021399810859e+00,6.505319316664945895e+00,5.660430037634060163e+00,6.402250890896810098e+00
8.025078911913697155e+00,7.427647940768560275e+00,6.340396727460004378e+00,8.605933528755111084e+00,6.555458516136654978e+00,8.425346067989668342e+00,5.892902862880333714e+00,0.000000000000000000e+00,6.961925721388237065e+00,9.310778316169690427e+00,6.139480554371123944e+00,8.019023112901921380e+00,8.135511147879038063e+00,8.586136164846204011e+00,7.480791716170126726e+00,8.210695659290456305e+00,9.094442371292783989e+00,7.652841054143864952e+00,1.016798564069729238e+01,8.473830269091260803e+00,6.538022544910613298e+00,6.908481133546273689e+00,7.112114725744438815e+00,8.257367532249727304e+00,7.770414214716574897e+00,7.523682817767911146e+00,7.848742495288646204e+00,8.293950750503681135e+00,6.099203143544301042e+00,7.277714138580741121e+00,7.163485826931867528e+00,7.676892108777110479e+00,9.708749620352991272e+00,9.446879237381111238e+00,5.326669952006866993e+00,7.417882607133201134e+00,7.734853674712332428e+00,8.279251695564582292e+00,7.356371376138588047e+00,7.153122865879254277e+00,6.908330847757732762e+00,7.281154367160677765e+00,7.775437772284910842e+00,7.124229553574155993e+00,8.346584155628761437e+00,5.966094546559293832e+00,7.108274826212270803e+00,7.853145972037570033e+00,6.803838065935162938e+00,6.396311732384671878e+00,7.881509551706441741e+00
6.705554823288298216e+00,6.818890348821520675e+00,7.144260999116394117e+00,7.942136745587556668e+00,7.986348998893197049e+00,7.315338940619672492e+00,6.609501077748537234e+00,6.961925721388237065e+00,0.000000000000000000e+00,7.513837332819725212e+00,7.458571117423804075e+00,6.957897908804621778e+00,6.516280879702099682e+00,7.371490219797843579e+00,9.326793228769702182e+00,7.641141457914965684e+00,7.539490750246224948e+00,5.898393532131509964e+00,1.066111236156515396e+01,7.645887813267967736e+00,8.206621540653445734e+00,5.424126005327051026e+00,6.425754128457136005e+00,6.891919414535164101e+00,7.776899746405739222e+00,7.258436512703289267e+00,5.791257913975503158e+00,7.083510264362963937e+00,7.556434830234349143e+00,5.788854492091071613e+00,6.049215662850450315e+00,7.078105959925490076e+00,6.957765222046548459e+00,7.692328471634737319e+00,6.493373354391481556e+00,7.259593109263868804e+00,6.610929429128019841e+00,6.918001603961414503e+00,7.630267153639880284e+00,6.804669151919569003e+00,6.885413640864521234e+00,5.610191238076744469e+00,5.900897336336364596e+00,7.852246043607883585e+00,7.132993114276804825e+00,7.424051372284370842e+00,5.939300455922158051e+00,7.508361329067088086e+00,7.199308562680123202e+00,6.483049575402972664e+00,6.299367574347346732e+00
6.796057359133781617e+00,6.301072445911860775e+00,6.801467214257250760e+00,7.915375643667784900e+00,7.713026504213217116e+00,7.071800253125569924e+00,6.517656552674348625e+00,9.310778316169690427e+00,7.513837332819725212e+00,0.000000000000000000e+00,7.384678768030025431e+00,7.712056470320149515e+00,7.617909979337879278e+00,6.736663199592864082e+00,1.009420163855725328e+01,7.536339910411711251e+00,7.390730831504811249e+00,6.745843555337690312e+00,8.841578895460610710e+00,7.904118769175302539e+00,7.729271446112941923e+00,6.931118957386288137e+00,6.964012901897881136e+00,7.208663322133529228e+00,7.439681586941551572e+00,7.288680725825979145e+00,6.459454432992003170e+00,8.548337319648904753e+00,7.986422566711151916e+00,7.004080404203827825e+00,7.533400666424539871e+00,7.089070898079779859e+00,7.889848667015491479e+00,7.223814291343732208e+00,7.133585652453136916e+00,7.950362583648555415e+00,7.060637619776777285e+00,7.050096532548717043e+00,7.427019343380822036e+00,8.785691124115553308e+00,6.479330645369298480e+00,6.802136215252324369e+00,6.633903452632359254e+00,8.043761877644886482e+00,7.303032790963654541e+00,6.968806813755388241e+00,6.667569577521105018e+00,7.728996179067410210e+00,7.984710613843860827e+00,7.028755899494611548e+00,6.471816767139705107e+00
8.242783884105346459e+00,7.378322307974309879e+00,7.449547710997282302e+00,7.958755618795822606e+00,7.055964408871373550e+00,8.180177172560524568e+00,6.691970823464672868e+00,6.139480554371123944e+00,7.458571117423804075e+00,7.384678768030025431e+00,0.000000000000000000e+00,8.268568048442851648e+00,8.173660243869537823e+00,8.143374089102740854e+00,8.957474290740114142e+00,9.001983039788807872e+00,9.389833906841424493e+00,8.041698877536164858e+00,9.540072573029426906e+00,8.155366841197638550e+00,6.637848922315687794e+00,7.252315501125863761e+00,6.985053678954186829e+00,7.459265566966811534e+00,8.536250982400552800e+00,8.450333194946045623e+00,7.868696701385227144e+00,8.490109284424836034e+00,7.950245849492224792e+00,7.504453177806523989e+00,7.121777663860510366e+00,7.746363161065335845e+00,8.417430063167508081e+00,8.888896821728891950e+00,6.572671351472113344e+00,8.011660617168042009e+00,7.704067081198466838e+00,7.864145886340999425e+00,8.334132546356315174e+00,7.842681552770868869e+00,6.924689989364036791e+00,7.378877097329116452e+00,7.844120939291122419e+00,7.960134064877878224e+00,8.118639811194622524e+00,6.620612789698117062e+00,7.343567992680054779e+00,8.335845883392595468e+00,7.751683816533216920e+00,7.114325525577308795e+00,7.587352104003886488e+00
7.140846389837716579e+00,6.954643584061609651e+00,6.460394898221041515e+00,7.146150015036899283e+00,7.154765471455848846e+00,6.894767926217195253e+00,6.799744397702411902e+00,8.019023112901921380e+00,6.957897908804621778e+00,7.712056470320149515e+00,8.268568048442851648e+00,0.000000000000000000e+00,7.167176442528946367e+00,7.092300701046506006e+00,8.640738186167920887e+00,7.629563238101512823e+00,8.169527996366241496e+00,6.952559559252701860e+00,9.751826053361938307e+00,7.957206671008362875e+00,8.196889026885846974e+00,6.043782393311218470e+00,5.853616100354608776e+00,6.446089618757667061e+00,7.600078405503853496e+00,7.523910243581879875e+00,6.557986182092526484e+00,7.453499175292533252e+00,7.745234191292519554e+00,6.174312585386883434e+00,6.979875169759506726e+00,7.594598610757426371e+00,8.126095660180608249e+00,7.479733012489537813e+00,6.376344864326147110e+00,7.530857907633339288e+00,6.577570681073350300e+00,7.041894919946764198e+00,7.817816442445594483e+00,6.821645742687149294e+00,7.532062715497441552e+00,7.143105527536694588e+00,6.800941095242167833e+00,7.836224919553148816e+00,6.245444622564358284e+00,7.102967105762541422e+00,6.024009397472027239e+00,6.624412376474437814e+00,7.143933104294246661e+00,6.460759392726346029e+00,6.860495224542844994e+00
6.609580598825553821e+00,7.186523083527108113e+00,7.703612917532872473e+00,7.676381131575293004e+00,8.902833912339870537e+00,7.525027873571648485e+00,7.778917775894591990e+00,8.135511147879038063e+00,6.516280879702099682e+00,7.617909979337879278e+00,8.173660243869537823e+00,7.167176442528946367e+00,0.000000000000000000e+00,7.677027881567469514e+00,9.480520486967158433e+00,8.060257032668943111e+00,7.615370282417490699e+00,7.387496259932085252e+00,1.032650476404759310e+01,7.871620894008772851e+00,8.356312819446747753e+00,5.984495229557571072e+00,8.025595785424503248e+00,7.852577161296214747e+00,8.810607702128375962e+00,7.222377372456264766e+00,5.664688645373021636e+00,7.809898070180773644e+00,8.262943191132743337e+00,6.048467866744791976e+00,7.321274017270813061e+00,7.669207891513341480e+00,8.092280030837549987e+00,7.315060930945938900e+00,7.600052128496524340e+00,8.256903270420309582e+00,6.747975434729516664e+00,8.179244486869128750e+00,8.385199352108731574e+00,6.921316206939367000e+00,7.628806410643528046e+00,6.049546304720381684e+00,7.315396001236702972e+00,7.989873064742377906e+00,6.793771883674015299e+00,7.930351662783324151e+00,5.660530032425283409e+00,8.206922519450982278e+00,7.488518829566279678e+00,7.548247022791930050e+00,6.287157054978324666e+00
6.405717825733359128e+00,6.565293423154420438e+00,6.574804261935055294e+00,6.284682856775335225e+00,7.824656422034397707e+00,7.596918197277119589e+00,6.980655934269272223e+00,8.586136164846204011e+00,7.371490219797843579e+00,6.736663199592864082e+00,8.143374089102740854e+00,7.092300701046506006e+00,7.677027881567469514e+00,0.000000000000000000e+00,1.053961151193195001e+01,6.885717760260512854e+00,8.078332945522504360e+00,6.939738512416773197e+00,8.323777549288109867e+00,7.502106487633549037e+00,6.667029737217322172e+00,6.098687138144098796e+00,7.302211072139295212e+00,6.821571668129359445e+00,8.776422994793716015e+00,7.641656024338606024e+00,6.841107092841456350e+00,7.946261359611114017e+00,8.125859325168423908e+00,6.239229103910612473e+00,7.154176191832282150e+00,7.173803556781474633e+00,7.564611803395134615e+00,6.651809156499704834e+00,7.552379110735580880e+00,8.323962779937232881e+00,6.769670402897436823e+00,7.116691237314124230e+00,7.425527886679460288e+00,7.825739219057036067e+00,7.134085145532139016e+00,6.798568142779592094e+00,6.683178133967327739e+00,8.362662655332588457e+00,6.100615649011146502e+00,7.151764299229482980e+00,5.928816875575889433e+00,6.789540315766410927e+00,6.752367988810948241e+00,7.070322995362205987e+00,6.630746946239393758e+00
9.179536516905917765e+00,9.154798138802288321e+00,8.548330953404272847e+00,1.044117688242906183e+01,8.887447463100370371e+00,9.667348966192555793e+00,7.868978006969654437e+00,7.480791716170126726e+00,9.326793228769702182e+00,1.009420163855725328e+01,8.957474290740114142e+00,8.640738186167920887e+00,9.480520486967158433e+00,1.053961151193195001e+01,0.000000000000000000e+00,8.515830393476667481e+00,9.446094618753052785e+00,9.282335950968542804e+00,1.041821080560570678e+01,9.795407938073461551e+00,8.336483033655795793e+00,9.089405434566378617e+00,9.508976238844873308e+00,9.494345299109919978e+00,8.181419701119162724e+00,7.768605215310226519e+00,1.005428164543199543e+01,9.664600389887908705e+00,8.601440131400716282e+00,9.499998462715343095e+00,8.981392234623854165e+00,8.394799530946301047e+00,1.136050887734222492e+01,9.622580254402850031e+00,7.577973181278480297e+00,8.060966964496136811e+00,9.622942881512523527e+00,9.718328438822904758e+00,8.656186474505487283e+00,9.480774467923156479e+00,8.794806541641067454e+00,9.605612116671455425e+00,9.794970092969853326e+00,9.377260549639599319e+00,9.636280966584022778e+00,8.572625558168949667e+00,9.411344659632220555e+00,1.031573428982238738e+01,9.654542128463472039e+00,7.799079189653259192e+00,8.957176405689558862e+00
6.970982003124971627e+00,6.210257069135224128e+00,5.913743502226878057e+00,6.642044680719939365e+00,7.679323101478227720e+00,7.454225025252640968e+00,6.980657914802344877e+00,8.210695659290456305e+00,7.641141457914965684e+00,7.536339910411711251e+00,9.001983039788807872e+00,7.629563238101512823e+00,8.060257032668943111e+00,6.885717760260512854e+00,8.515830393476667481e+00,0.000000000000000000e+00,7.556354680330296780e+00,7.036957323145204057e+00,8.800329209031511724e+00,7.661420930501900095e+00,7.256490009865279589e+00,6.232698049743373936e+00,7.596627223634145665e+00,6.459714518689835927e+00,7.512353307581448369e+00,6.442502296092468939e+00,6.859310677208932283e+00,7.656157073761501231e+00,7.214612938796182817e+00,6.794187297979306095e+00,7.573722727786715403e+00,6.737771239895447017e+00,8.718764597291118079e+00,6.305334172561771311e+00,6.941025753597450887e+00,8.195044879633025303e+00,6.678688906150907378e+00,7.300497573357216829e+00,7.419498146949961459e+00,8.299592030143950083e+00,7.436362868639772472e+00,6.473203478765309882e+00,5.944021505349180501e+00,8.267303823302832200e+00,6.439364395957910325e+00,7.227568031183754016e+00,6.596892196442216694e+00,7.103527980892589078e+00,7.337487595809178309e+00,6.478209038268336606e+00,6.612607961512644295e+00
6.095542308577723389e+00,7.770439688269491718e+00,7.313745159277218910e+00,8.559532723941602583e+00,7.878766211758107652e+00,6.906159913825271168e+00,8.282971751830903173e+00,9.094442371292783989e+00,7.539490750246224948e+00,7.390730831504811249e+00,9.389833906841424493e+00,8.169527996366241496e+00,7.615370282417490699e+00,8.078332945522504360e+00,9.446094618753052785e+00,7.556354680330296780e+00,0.000000000000000000e+00,6.044085958851712626e+00,1.112500230972586834e+01,8.119517930362661673e+00,7.907711151886324785e+00,7.559774669378766632e+00,7.432021754086631127e+00,8.290567639453991333e+00,7.989233293381190926e+00,6.911843511964595343e+00,7.231724468899523472e+00,7.842376866796200829e+00,7.181801387287614524e+00,6.623244566324652638e+00,7.785413272300415244e+00,7.674640132783132174e+00,8.663904072468069373e+00,6.541963828744823850e+00,7.373652294147958308e+00,7.132836131449246331e+00,7.654737057915202314e+00,7.904957308050990505e+00,7.431734122093447859e+00,9.501059859121632201e+00,7.355884925746361880e+00,7.029492325136266651e+00,7.466952550874767169e+00,6.550461915321872830e+00,7.639888017984342028e+00,7.261787526696868333e+00,7.178528606101076903e+00,9.013791025862378348e+00,6.727104024045813091e+00,7.207809601252860965e+00,6.606556525222276655e+00
6.441461377746978023e+00,5.412399045460317026e+00,6.299272897880063837e+00,7.972332187805169390e+00,6.176056533088578604e+00,5.927477815612713030e+00,7.065345189608148502e+00,7.652841054143864952e+00,5.898393532131509964e+00,6.745843555337690312e+00,8.041698877536164858e+00,6.952559559252701860e+00,7.387496259932085252e+00,6.939738512416773197e+00,9.282335950968542804e+00,7.036957323145204057e+00,6.044085958851712626e+00,0.000000000000000000e+00,1.027844770643836902e+01,7.148831347846318351e+00,6.941467324562891505e+00,6.419990832435943595e+00,6.347615495653014861e+00,6.811963637967341612e+00,7.084657843009162903e+00,6.993932794962170796e+00,5.692213258684455823e+00,6.602202920826382382e+00,6.938778938378384886e+00,5.399101434112115072e+00,6.419944456251778675e+00,7.006739166682042885e+00,7.766094931388130007e+00,6.935691676880711753e+00,5.518889072496965476e+00,6.627570408420136339e+00,6.932969239017726437e+00,6.245769606074452973e+00,7.112900853074789254e+00,7.707815736681239649e+00,6.488329569161395582e+00,5.212948953972293964e+00,6.085894015865700446e+00,5.781404276342023252e+00,6.633698404527550885e+00,5.970360821329570022e+00,6.554446687008116612e+00,6.992014712966299506e+00,6.369015995607743896e+00,6.035257811151564233e+00,5.950852377041825569e+00
8.513412039260613184e+00,8.714269763193655649e+00,8.528464994650102327e+00,9.151661428286448796e+00,9.262042434502683719e+00,1.050083721703671635e+01,8.517304443279767767e+00,1.016798564069729238e+01,1.066111236156515396e+01,8.841578895460610710e+00,9.540072573029426906e+00,9.751826053361938307e+00,1.032650476404759310e+01,8.323777549288109867e+00,1.041821080560570678e+01,8.800329209031511724e+00,1.112500230972586834e+01,1.027844770643836902e+01,0.000000000000000000e+00,8.533399977259703562e+00,8.261009217096015433e+00,9.743160249458924227e+00,1.057966971064344364e+01,9.234881386188952490e+00,9.995545595833281283e+00,8.689407080449326415e+00,9.505819142979182956e+00,1.076909323161003762e+01,9.405142575601308508e+00,9.697738254266228708e+00,1.100989230854927925e+01,9.294706633706946164e+00,1.109362311815778490e+01,9.831146147507153543e+00,9.047842160872260564e+00,1.061349650617162688e+01,8.676330410180465691e+00,1.021831103727842383e+01,8.947463275283942252e+00,1.014288166767841659e+01,9.219823810808382092e+00,9.692652891301067442e+00,9.619805585312956708e+00,1.098480749440154369e+01,8.967701891029150829e+00,9.037986237540719614e+00,8.987843547455195647e+00,9.092903286115506134e+00,9.764576500042517537e+00,9.469883043092686137e+00,9.108702603127161623e+00
6.889508365580672589e+00,6.619918809357129952e+00,6.837980032895867311e+00,7.136280856160974295e+00,6.552723455240782258e+00,8.626125454640201085e+00,7.167810759853915137e+00,8.473830269091260803e+00,7.645887813267967736e+00,7.904118769175302539e+00,8.155366841197638550e+00,7.957206671008362875e+00,7.871620894008772851e+00,7.502106487633549037e+00,9.795407938073461551e+00,7.661420930501900095e+00,8.119517930362661673e+00,7.148831347846318351e+00,8.533399977259703562e+00,0.000000000000000000e+00,6.683855953322557220e+00,7.320982465044354015e+00,7.871284351405978263e+00,8.032072752067888288e+00,7.518222135296439568e+00,6.454823083723217003e+00,6.834321356128238101e+00,7.763424499869988615e+00,7.068002169629726161e+00,6.880616062944299394e+00,8.436643328763524963e+00,6.679299328006521819e+00,8.685280576527901530e+00,7.639420875722604976e+00,5.608201948406748905e+00,6.807363554912218007e+00,7.006744444526475490e+00,7.749507624635336711e+00,7.227163438136341433e+00,7.597923248348142700e+00,7.453564672865149454e+00,6.281314101143740558e+00,6.942989428496983528e+00,6.971663479717265410e+00,7.040997676624317414e+00,6.890215159505957310e+00,6.458428260811524879e+00,7.548748037663911781e+00,7.056537188973520891e+00,7.483696874100478347e+00,7.247317465374037759e+00
7.330061400382245296e+00,6.922242977089845262e+00,6.041277536389836555e+00,6.626112873906587097e+00,5.349277311398198620e+00,8.125514862594133803e+00,6.264087197666544427e+00,6.538022544910613298e+00,8.206621540653445734e+00,7.729271446112941923e+00,6.637848922315687794e+00,8.196889026885846974e+00,8.356312819446747753e+00,6.667029737217322172e+00,8.336483033655795793e+00,7.256490009865279589e+00,7.907711151886324785e+00,6.941467324562891505e+00,8.261009217096015433e+00,6.683855953322557220e+00,0.000000000000000000e+00,7.763200821828552201e+00,7.769206299311788300e+00,7.271827768670336312e+00,7.662330381399488743e+00,7.137090166422806803e+00,7.933484288611825974e+00,8.980646981429126541e+00,6.172007350274102855e+00,7.348707795405746701e+00,8.454696589472728618e+00,6.554548351103190562e+00,8.982181329397411318e+00,6.846988821611917686e+00,6.160615077226403002e+00,6.644298825393434527e+00,7.632083144356858639e+00,7.669844877389841997e+00,5.560295806771746285e+00,8.449099904730353217e+00,6.635742824599306644e+00,7.276624176018649415e+00,7.461026101976469427e+00,7.322766421446435636e+00,7.799831118798217666e+00,5.316378659218702118e+00,7.254564275816001384e+00,7.817206052331737709e+00,6.307854318747152078e+00,6.858751822731385950e+00,7.490407566457278676e+00
6.504910231850660196e+00,6.004705128733903940e+00,6.126387509863789660e+00,6.863898131084651411e+00,7.910466357525324455e+00,6.326266726379565775e+00,5.787161837048075519e+00,6.908481133546273689e+00,5.424126005327051026e+00,6.931118957386288137e+00,7.252315501125863761e+00,6.043782393311218470e+00,5.984495229557571072e+00,6.098687138144098796e+00,9.089405434566378617e+00,6.232698049743373936e+00,7.559774669378766632e+00,6.419990832435943595e+00,9.743160249458924227e+00,7.320982465044354015e+00,7.763200821828552201e+00,0.000000000000000000e+00,5.452316575008929078e+00,6.810606217485395852e+00,7.760781454640077293e+00,6.942495536929504496e+00,5.363201624821996916e+00,5.753836954521914571e+00,7.684499446749248897e+00,5.313617118273424644e+00,5.198700716944364864e+00,6.686126257633954850e+00,6.997454574300809860e+00,7.338552492136256156e+00,6.028445358792905218e+00,7.618612665865630795e+00,5.995515977295713839e+00,6.360657383854851687e+00,7.542734703930776163e+00,5.998081445757401653e+00,6.770661795361834656e+00,5.456518762618118856e+00,5.469880150442369526e+00,7.131222678687743510e+00,6.017614151369065745e+00,6.866069031941602674e+00,4.950302063336491365e+00,6.485947401547154989e+00,7.038111125572810600e+00,5.702431562821781874e+00,5.195239611436692329e+00
6.899262177105532245e+00,6.804727293514355679e+00,6.313834506793581269e+00,7.283508154843230997e+00,6.153195790385235675e+00,5.629529744120533863e+00,5.752241173311984035e+00,7.112114725744438815e+00,6.425754128457136005e+00,6.964012901897881136e+00,6.985053678954186829e+00,5.853616100354608776e+00,8.025595785424503248e+00,7.302211072139295212e+00,9.508976238844873308e+00,7.596627223634145665e+00,7.432021754086631127e+00,6.347615495653014861e+00,1.057966971064344364e+01,7.871284351405978263e+00,7.769206299311788300e+00,5.452316575008929078e+00,0.000000000000000000e+00,6.733254337467339923e+00,7.561125308314898597e+00,7.244473019276356673e+00,6.204686653211829217e+00,6.582859659694967114e+00,7.238346404567594483e+00,5.550262172774985459e+00,5.977245213223065790e+00,7.070089961060506134e+00,7.481363347376668749e+00,8.131853830975797948e+00,5.166002589220615171e+00,7.024793787939238143e+00,6.472113166904536641e+00,5.631980336587679048e+00,7.860924231583803490e+00,6.906442533877696910e+00,6.446356106470310543e+00,6.549673342610512705e+00,5.913374323633475704e+00,5.934311081964522394e+00,6.623973817294436017e+00,6.460510496979957829e+00,5.836258567764027738e+00,6.689190046057166938e+00,6.820141424542272901e+00,5.757809894005074369e+00,6.221053001616590805e+00
7.162919167940468235e+00,6.697834113772316300e+00,6.907308353863251149e+00,6.325888719101814495e+00,7.067660952831421817e+00,6.613441968352366196e+00,6.676778830957917243e+00,8.257367532249727304e+00,6.891919414535164101e+00,7.208663322133529228e+00,7.459265566966811534e+00,6.446089618757667061e+00,7.852577161296214747e+00,6.821571668129359445e+00,9.494345299109919978e+00,6.459714518689835927e+00,8.290567639453991333e+00,6.811963637967341612e+00,9.234881386188952490e+00,8.032072752067888288e+00,7.271827768670336312e+00,6.810606217485395852e+00,6.733254337467339923e+00,0.000000000000000000e+00,7.906450899381971098e+00,7.446312223912049610e+00,6.665048793244352510e+00,8.279634548746429346e+00,8.137410736988316629e+00,6.367265894323625552e+00,7.383626397692436782e+00,7.084081967978650418e+00,7.782267966380512547e+00,6.518100318194055554e+00,7.018689145279672026e+00,8.143914959552725819e+00,5.871683016890591134e+00,6.248795649052622636e+00,8.420857566547562456e+00,7.504160249656084858e+00,8.139854313418316778e+00,6.500994689722530140e+00,6.508800866319933043e+00,8.762820092219946844e+00,6.319478008111771850e+00,7.175074281130191522e+00,6.313223228175278479e+00,6.530338416140883062e+00,6.879418249736101387e+00,6.909586549875109895e+00,7.132597738946950372e+00
8.023803691208053479e+00,6.871508069236509364e+00,6.506108484439791617e+00,9.026055764937142456e+00,6.225297493031434648e+00,8.012139112543549047e+00,5.715515230585067386e+00,7.770414214716574897e+00,7.776899746405739222e+00,7.439681586941551572e+00,8.536250982400552800e+00,7.600078405503853496e+00,8.810607702128375962e+00,8.776422994793716015e+00,8.181419701119162724e+00,7.512353307581448369e+00,7.989233293381190926e+00,7.084657843009162903e+00,9.995545595833281283e+00,7.518222135296439568e+00,7.662330381399488743e+00,7.760781454640077293e+00,7.561125308314898597e+00,7.906450899381971098e+00,0.000000000000000000e+00,6.314372903305268458e+00,7.658781629758698806e+00,8.849763567234173678e+00,5.943684147453301314e+00,7.891273759227454221e+00,8.375076858245378730e+00,7.175228132753043830e+00,8.940290223931421920e+00,8.590476794183715015e+00,6.067695497634195689e+00,6.098805472701256392e+00,7.621670136106214244e+00,6.974412268127579750e+00,7.101064281692437419e+00,8.370045758983273743e+00,7.488330362834605403e+00,7.191883550385579582e+00,6.748309188878990561e+00,6.876986216156018017e+00,7.716827806635382814e+00,6.698907627877756177e+00,6.963160129019954958e+00,7.669571963509670631e+00,6.934939183983479971e+00,6.760198396401307264e+00,7.702873542303019683e+00
6.258857400525022818e+00,6.447510866693503040e+00,6.375707068036598812e+00,7.599316937166337382e+00,6.788618007614139138e+00,7.435219226453807728e+00,6.237999263228330094e+00,7.523682817767911146e+00,7.258436512703289267e+00,7.288680725825979145e+00,8.450333194946045623e+00,7.523910243581879875e+00,7.222377372456264766e+00,7.641656024338606024e+00,7.768605215310226519e+00,6.442502296092468939e+00,6.911843511964595343e+00,6.993932794962170796e+00,8.689407080449326415e+00,6.454823083723217003e+00,7.137090166422806803e+00,6.942495536929504496e+00,7.244473019276356673e+00,7.446312223912049610e+00,6.314372903305268458e+00,0.000000000000000000e+00,6.529707268778350837e+00,7.734156278970759857e+00,6.110997907773257687e+00,6.584257188307904407e+00,7.126537240018689268e+00,6.006438388967398012e+00,9.095465357571704601e+00,7.184434517555460253e+00,5.694182533170922156e+00,6.246591063099884877e+00,6.319533004979014379e+00,7.341409158848437144e+00,6.949089591056321069e+00,7.153984093861499360e+00,6.594846169678461933e+00,6.227642059500641203e+00,6.727390854166602097e+00,7.090621067809176559e+00,6.481893493768060566e+00,7.014050912223781964e+00,6.141339668374647509e+00,7.067229635748258687e+00,7.172913390113532905e+00,6.073593956386909909e+00,6.512969782486650594e+00
6.155282495779341723e+00,5.930373721252712116e+00,6.673605374740500196e+00,6.990867848124005413e+00,7.191606853826343126e+00,5.807459539355756206e+00,6.315704533376976570e+00,7.848742495288646204e+00,5.791257913975503158e+00,6.459454432992003170e+00,7.868696701385227144e+00,6.557986182092526484e+00,5.664688645373021636e+00,6.841107092841456350e+00,1.005428164543199543e+01,6.859310677208932283e+00,7.231724468899523472e+00,5.692213258684455823e+00,9.505819142979182956e+00,6.834321356128238101e+00,7.933484288611825974e+00,5.363201624821996916e+00,6.204686653211829217e+00,6.665048793244352510e+00,7.658781629758698806e+00,6.529707268778350837e+00,0.000000000000000000e+00,6.499730703877662386e+00,7.475149542217430110e+00,4.450541384229104835e+00,6.089767657287507241e+00,6.747889548733684073e+00,7.131972348434147513e+00,6.745950983586381788e+00,5.746048663400459056e+00,7.214500588051392604e+00,6.357972869365940305e+00,6.384167685652561985e+00,7.635291463920453658e+00,6.247281658005003457e+00,6.970950028802239018e+00,4.790847325803202494e+00,5.312136207988072734e+00,6.654424170266022287e+00,5.488155723284269705e+00,6.650433955611359416e+00,4.195937408897818521e+00,6.246884788714036851e+00,6.604305117894767818e+00,6.494021521711876410e+00,5.688457728718588235e+00
7.450974327904201111e+00,7.837482769496851631e+00,7.580039769767315860e+00,8.230790202410275924e+00,8.697168708054485720e+00,7.184974117580803288e+00,7.788594296516899718e+00,8.293950750503681135e+00,7.083510264362963937e+00,8.548337319648904753e+00,8.490109284424836034e+00,7.453499175292533252e+00,7.809898070180773644e+00,7.946261359611114017e+00,9.664600389887908705e+00,7.656157073761501231e+00,7.842376866796200829e+00,6.602202920826382382e+00,1.076909323161003762e+01,7.763424499869988615e+00,8.980646981429126541e+00,5.753836954521914571e+00,6.582859659694967114e+00,8.279634548746429346e+00,8.849763567234173678e+00,7.734156278970759857e+00,6.499730703877662386e+00,0.000000000000000000e+00,8.939327266749208079e+00,5.357420905881639328e+00,5.758827517132798057e+00,7.374866274570306857e+00,8.547686742690453698e+00,8.317804970110742602e+00,6.796691818235387927e+00,8.360159424616067980e+00,7.544947656082207743e+00,7.463457325077912152e+00,9.071080513886339958e+00,7.389527417360397976e+00,8.284133531139643125e+00,6.450265336241905345e+00,7.204189190236705009e+00,7.087267397664832380e+00,6.938432219072810270e+00,7.835791497253322468e+00,6.419278663655460626e+00,8.370163839430755814e+00,8.085162766395619371e+00,6.661206710339764747e+00,6.103628058718853389e+00
6.802925796729820895e+00,6.788442794555199278e+00,5.143752897873113739e+00,8.085222325133706534e+00,5.082568582798449697e+00,8.244662415163645619e+00,6.254597907409957358e+00,6.099203143544301042e+00,7.556434830234349143e+00,7.986422566711151916e+00,7.950245849492224792e+00,7.745234191292519554e+00,8.262943191132743337e+00,8.125859325168423908e+00,8.601440131400716282e+00,7.214612938796182817e+00,7.181801387287614524e+00,6.938778938378384886e+00,9.405142575601308508e+00,7.068002169629726161e+00,6.172007350274102855e+00,7.684499446749248897e+00,7.238346404567594483e+00,8.137410736988316629e+00,5.943684147453301314e+00,6.110997907773257687e+00,7.475149542217430110e+00,8.939327266749208079e+00,0.000000000000000000e+00,7.248908986202289739e+00,8.407491984875491653e+00,7.507894879481296080e+00,9.116583173214987568e+00,7.862051528751297091e+00,5.388993839156041687e+00,6.532395280989015340e+00,7.565599151963628088e+00,7.560330170964066454e+00,6.195227811971994569e+00,8.183787014009151761e+00,5.999301730927324883e+00,7.157206795016273659e+00,6.813379541838712861e+00,5.980976410115043329e+00,7.492082456251895728e+00,5.225840535802231734e+00,6.360521213459023215e+00,7.405001724695552845e+00,5.258553312190648477e+00,6.744522554818849436e+00,7.296500744894903967e+00
5.600124678714434978e+00,6.360715217922341402e+00,6.571615362379838565e+00,6.915005317942183538e+00,7.162884793980282438e+00,6.056328008447367850e+00,6.182917321124340226e+00,7.277714138580741121e+00,5.788854492091071613e+00,7.004080404203827825e+00,7.504453177806523989e+00,6.174312585386883434e+00,6.048467866744791976e+00,6.239229103910612473e+00,9.499998462715343095e+00,6.794187297979306095e+00,6.623244566324652638e+00,5.399101434112115072e+00,9.697738254266228708e+00,6.880616062944299394e+00,7.348707795405746701e+00,5.313617118273424644e+00,5.550262172774985459e+00,6.367265894323625552e+00,7.891273759227454221e+00,6.584257188307904407e+00,4.450541384229104835e+00,5.357420905881639328e+00,7.248908986202289739e+00,0.000000000000000000e+00,5.195271241908624660e+00,6.731131146820380273e+00,7.029688447388863004e+00,6.284034743545602986e+00,5.268168247990939967e+00,7.007041682141636585e+00,6.400151551560102625e+00,5.871396696887038580e+00,7.747520075719878108e+00,5.679969990834313087e+00,6.475783086599828486e+00,4.876889621155354071e+00,5.691013062877668283e+00,6.281583684971940862e+00,4.904677319342719777e+00,5.893893393929046987e+00,4.319987378752013996e+00,6.724293995485708386e+00,5.898693279183071958e+00,6.319394123957506437e+00,5.271928792459982027e+00
6.963241716092296585e+00,7.478558439092021892e+00,7.325242601195748549e+00,8.170123965252972909e+00,8.437407141834732727e+00,6.665896019344594414e+00,6.650352229914908264e+00,7.163485826931867528e+00,6.049215662850450315e+00,7.533400666424539871e+00,7.121777663860510366e+00,6.979875169759506726e+00,7.321274017270813061e+00,7.154176191832282150e+00,8.981392234623854165e+00,7.573722727786715403e+00,7.785413272300415244e+00,6.419944456251778675e+00,1.100989230854927925e+01,8.436643328763524963e+00,8.454696589472728618e+00,5.198700716944364864e+00,5.977245213223065790e+00,7.383626397692436782e+00,8.375076858245378730e+00,7.126537240018689268e+00,6.089767657287507241e+00,5.758827517132798057e+00,8.407491984875491653e+00,5.195271241908624660e+00,0.000000000000000000e+00,7.166144467990194222e+00,7.020045804997585570e+00,7.327483382785057842e+00,6.203116329969143194e+00,7.550235687935910711e+00,7.355457036289958950e+00,6.595146388976778518e+00,8.685792540615864255e+00,6.617693357958811973e+00,7.255550434130367599e+00,5.628256961648539836e+00,6.458149794132842736e+00,7.393067455378911745e+00,6.275580130578719107e+00,7.053961437418085900e+00,5.720834818346484774e+00,7.329856471398657369e+00,7.228468364710717076e+00,6.344685320773321813e+00,6.207205603346916511e+00
